3
   7.85i cm^-1
O    0.0000000000   0.0000000000  -0.0711762954  -0.0242773688  -0.1696555110   0.1617086967
H    0.0000000000  -0.8916195680   0.5648097613  -0.0242841473  -0.1696667927   0.1617097413
H    0.0000000000   0.8916195680   0.5648097613  -0.0242835296  -0.1696700385   0.1617273653

3
   3.26i cm^-1
O    0.0000000000   0.0000000000  -0.0711762954  -0.2178033922  -0.0437194992  -0.0785678634
H    0.0000000000  -0.8916195680   0.5648097613  -0.2178102726  -0.0437204677  -0.0785687421
H    0.0000000000   0.8916195680   0.5648097613  -0.2178098997  -0.0437204301  -0.0785681859

3
   8.48  cm^-1
O    0.0000000000   0.0000000000  -0.0711762954  -0.0865751659   0.1575708850   0.1523166312
H    0.0000000000  -0.8916195680   0.5648097613  -0.0865559548   0.1575543971   0.1522959053
H    0.0000000000   0.8916195680   0.5648097613  -0.0865570656   0.1575588733   0.1523157897

3
1139.94  cm^-1
O    0.0000000000   0.0000000000  -0.0711762954  -0.0836474942  -0.0000149654  -0.0000037293
H    0.0000000000  -0.8916195680   0.5648097613   0.6637620355   0.0000684670   0.0001031358
H    0.0000000000   0.8916195680   0.5648097613   0.6637843912   0.0000655208  -0.0000994294

3
1191.01  cm^-1
O    0.0000000000   0.0000000000  -0.0711762954  -0.0000124479   0.0478539036  -0.0000093362
H    0.0000000000  -0.8916195680   0.5648097613  -0.0001508668  -0.3797083193  -0.5776909081
H    0.0000000000   0.8916195680   0.5648097613   0.0003960369  -0.3797693055   0.5777211456

3
1214.30  cm^-1
O    0.0000000000   0.0000000000  -0.0711762954  -0.0000013323   0.0000185500  -0.0000006599
H    0.0000000000  -0.8916195680   0.5648097613   0.7043668738  -0.0001362956  -0.0002186224
H    0.0000000000   0.8916195680   0.5648097613  -0.7043457112  -0.0001618647   0.0002277983

3
1853.42  cm^-1
O    0.0000000000   0.0000000000  -0.0711762954   0.0000004142  -0.0000019164   0.0672225115
H    0.0000000000  -0.8916195680   0.5648097613   0.0000174060  -0.4191940181  -0.5334673458
H    0.0000000000   0.8916195680   0.5648097613  -0.0000057307   0.4191506849  -0.5334038895

3
2335.61  cm^-1
O    0.0000000000   0.0000000000  -0.0711762954   0.0000002451  -0.0000136720   0.0497798855
H    0.0000000000  -0.8916195680   0.5648097613  -0.0000050188   0.5661409015  -0.3950763752
H    0.0000000000   0.8916195680   0.5648097613   0.0000096344  -0.5659587275  -0.3949649746

3
2474.99  cm^-1
O    0.0000000000   0.0000000000  -0.0711762954  -0.0000003605  -0.0686068759  -0.0000060299
H    0.0000000000  -0.8916195680   0.5648097613  -0.0000042261   0.5443312039  -0.4028883198
H    0.0000000000   0.8916195680   0.5648097613  -0.0000079689   0.5445091306   0.4030236953


